A = -1000 + 1000*rand(1000,1000);
