rng(12);
B =  [(15 - 12)*rand(1)*10, (15 - 12)*rand(1)*60];



