rng(5);
A = -1e3+(1e3 + 1e3).*rand(1000,1000);
Z = eye(1000);
F = A*Z;
Z
F