rng(5);
A = -1e3+(1e3 + 1e3).*rand(1000,1000);
B =  [(15 - 5)*rand(1)*10, (15 - 5)*rand(1)*60];
B